0,317
179,2
179,3
14,19
14,33
167,7
167,2
222,4
222,2
222,3
149,2
0,299
148,2
135,3
78,3
215,3
215,4
215,6
215,5
131,3
76,5
76,3
139,2
0,386
130,2
128,2
126,2
223,2
0,243
122,2
198,2
104,2
105,2
90,2
91,2
0,268
0,267
0,266
0,265
0,264
0,263
0,262
0,261
0,260
0,259
0,258
0,257
0,256
0,255
0,254
0,253
0,252
0,251
0,250
0,249
0,248
0,247
0,246
0,245
0,244
0,242
0,241
0,240
0,239
0,238
0,237
0,236
0,235
0,234
0,233
0,232
0,231
0,230
0,229
0,228
0,227
0,226
0,225
0,224
0,223
0,222
0,221
0,220
0,219
0,218
0,217
0,216
0,215
0,214
0,213
0,212
0,211
0,210
0,209
0,208
0,207
0,206
0,205
0,204
0,203
0,202
0,198
0,194
0,62
0,61
0,60
0,59
0,58
0,57
0,54
0,53
0,52
0,50
0,49
0,46
0,45
23,34
23,33
23,32
23,31
23,30
23,29
23,28
23,27
23,26
23,25
23,24
23,23
23,22
23,21
23,20
23,19
23,18
23,17
23,16
23,15
23,14
23,13
23,12
23,11
23,10
23,9
23,8
23,7
23,6
23,5
23,4
23,3
0,56
0,55
89,2
0,51
199,2
0,48
0,47
87,2
167,6
152,3
67,7
67,6
67,5
67,3
88,2
140,5
140,3
141,3
167,3
167,11
167,10
167,8
188,4
167,13
167,12
167,9
167,5
167,4
183,3
255,3
259,3
84,2
159,2
159,3
158,2
158,3
81,2
55,2
51,2
0,468
0,388
0,201
0,200
0,199
0,197
0,389
0,196
0,195
0,193
0,192
0,63
0,387
0,304
0,472
0,6
147,2
146,8
146,7
146,6
146,2
23,52
23,51
23,50
23,49
23,48
23,47
23,46
23,45
23,44
23,43
23,42
23,41
23,40
23,39
23,38
23,37
236,3
237,3
234,6
259,4
254,3
255,4
166,4
164,3
228,4
227,3
183,4
163,3
162,3
161,3
160,3
159,4
158,4
156,3
154,3
153,4
222,5
0,0
145,2
145,4
152,4
150,3
185,3
98,3
34,3
142,3
141,4
140,4
136,3
135,4
133,3
132,3
131,4
143,4
125,4
233,4
124,4
123,4
127,4
121,3
230,4
110,3
109,4
184,3
235,4
246,4
190,3
200,4
240,3
83,3
82,3
79,4
78,4
241,3
77,3
76,4
67,4
66,3
64,3
239,3
50,3
48,3
46,3
47,3
41,3
43,3
42,3
45,4
44,3
49,4
35,4
33,3
247,4
29,4
14,18
14,14
14,15
14,3
144,11
144,10
144,8
144,7
144,6
144,5
144,4
144,2
103,3
246,5
151,5
151,4
151,2
157,3
155,3
134,3
0,511
165,10
165,9
165,4
166,6
166,5
165,8
165,7
165,6
165,5
39,2
153,3
145,6
99,2
326,4
326,3
326,2
326,1
326,0
0,4
38,2
97,3
147,4
13,5
96,4
145,3
327,6
327,5
327,4
327,3
327,2
327,1
327,0
325,3
325,2
325,1
325,0
324,3
324,2
324,1
324,0
232,2
323,3
323,2
323,1
323,0
322,3
322,2
322,1
322,0
321,3
321,2
321,1
321,0
320,3
320,2
320,1
320,0
319,6
319,5
319,4
319,3
319,2
319,1
319,0
315,5
315,4
315,3
315,2
315,1
315,0
317,3
317,2
317,1
317,0
145,5
144,9
318,4
318,3
318,2
318,1
318,0
316,3
316,2
316,1
316,0
0,499
193,2
243,3
36,2
0,496
257,2
0,493
0,489
151,3
0,486
0,484
0,550
0,481
147,3
256,2
258,2
14,21
250,2
149,4
149,3
14,6
249,2
148,4
148,3
244,2
139,4
139,3
146,5
146,4
0,548
31,2
130,3
129,3
30,2
128,6
128,5
128,4
128,3
144,3
126,8
126,7
126,6
126,5
126,4
126,3
146,3
223,6
223,5
223,4
223,3
122,16
122,15
122,14
122,13
122,12
122,11
122,10
122,9
122,8
122,7
122,6
122,5
122,4
122,3
203,2
107,2
105,4
105,3
198,5
198,4
198,3
104,5
104,3
104,6
104,4
108,2
91,3
90,4
75,2
89,5
89,4
89,3
0,508
74,2
88,4
88,3
199,4
199,3
84,7
84,6
84,5
84,4
84,3
81,3
80,4
80,3
65,6
65,5
65,4
65,3
55,5
55,3
51,5
51,4
51,3
0,546
138,2
138,3
14,16
137,4
137,2
137,3
55,4
120,2
39,13
39,12
39,11
39,10
39,9
39,8
39,7
39,6
39,5
39,4
39,3
0,479
117,2
99,6
99,5
99,4
99,3
14,13
118,2
111,2
258,4
258,3
257,5
257,4
257,3
256,3
244,4
244,3
250,5
